0.00 0.00 0.00 0.00 1.00
0.20 0.00 0.00 0.00 0.80
0.30 0.00 0.00 0.00 0.70
0.60 0.00 0.00 0.00 0.40
0.90 0.00 0.00 0.00 0.10
0.80 0.00 0.20 0.00 0.00
0.70 0.00 0.30 0.00 0.00
0.60 0.00 0.40 0.00 0.00
0.50 0.00 0.50 0.00 0.00
0.40 0.00 0.60 0.00 0.00
0.30 0.00 0.70 0.00 0.00
0.20 0.00 0.70 0.10 0.00
0.10 0.00 0.70 0.20 0.00
0.10 0.00 0.60 0.30 0.00
0.10 0.00 0.50 0.40 0.00
0.20 0.00 0.30 0.50 0.00
0.20 0.00 0.20 0.60 0.00
0.10 0.00 0.30 0.60 0.00
0.10 0.00 0.20 0.70 0.00
0.05 0.00 0.15 0.80 0.00
